FULL_ADDR,COUNTY,TOWN,VILLAGE,NEIGHBORHOOD,ROAD,SECTION,LANE,ALLEY,SUB_ALLEY,TONG,NUMBER,X,Y
花蓮縣花蓮市主勤里17鄰博愛街61號,10015,1001501,1001501-028,17鄰,博愛街,,,,,,61號,121.609170854755,23.9736751759366
花蓮縣花蓮市主勤里17鄰博愛街63號,10015,1001501,1001501-028,17鄰,博愛街,,,,,,63號,121.609118551039,23.973738407826
花蓮縣花蓮市主勤里17鄰博愛街65之2號,10015,1001501,1001501-028,17鄰,博愛街,,,,,,65之2號,121.609006277888,23.9737831419796
花蓮縣花蓮市主勤里17鄰博愛街65之1號,10015,1001501,1001501-028,17鄰,博愛街,,,,,,65之1號,121.608988703722,23.9737738303171
花蓮縣花蓮市主勤里17鄰博愛街65號,10015,1001501,1001501-028,17鄰,博愛街,,,,,,65號,121.609051589437,23.9738106910222
花蓮縣花蓮市主勤里17鄰博愛街67號,10015,1001501,1001501-028,17鄰,博愛街,,,,,,67號,121.609008101892,23.9738597029085
花蓮縣花蓮市主勤里17鄰博愛街69巷1號,10015,1001501,1001501-028,17鄰,博愛街,,69巷,,,,1號,121.608856565784,23.9737003056433
花蓮縣花蓮市主勤里17鄰博愛街69巷2號,10015,1001501,1001501-028,17鄰,博愛街,,69巷,,,,2號,121.608710905826,23.9737813523113
花蓮縣花蓮市主勤里17鄰博愛街69巷3號,10015,1001501,1001501-028,17鄰,博愛街,,69巷,,,,3號,121.608802412959,23.9736670038582
花蓮縣花蓮市主勤里17鄰博愛街69巷4號,10015,1001501,1001501-028,17鄰,博愛街,,69巷,,,,4號,121.608770926512,23.9738065948035
花蓮縣花蓮市主勤里17鄰博愛街71號,10015,1001501,1001501-028,17鄰,博愛街,,,,,,71號,121.60883742357,23.9738508091509
花蓮縣花蓮市主勤里17鄰博愛街73號,10015,1001501,1001501-028,17鄰,博愛街,,,,,,73號,121.608913859539,23.9739733038759
花蓮縣花蓮市主勤里17鄰博愛街75號,10015,1001501,1001501-028,17鄰,博愛街,,,,,,75號,121.608885674148,23.9740186523312
花蓮縣花蓮市主勤里17鄰博愛街79號,10015,1001501,1001501-028,17鄰,博愛街,,,,,,79號,121.608819147429,23.9741019855226
花蓮縣花蓮市主勤里17鄰博愛街81號,10015,1001501,1001501-028,17鄰,博愛街,,,,,,81號,121.608703067085,23.9740915025494
花蓮縣花蓮市主勤里14鄰博愛街85號,10015,1001501,1001501-028,14鄰,博愛街,,,,,,85號,121.608669776121,23.9742674524483
花蓮縣花蓮市主勤里14鄰博愛街87號,10015,1001501,1001501-028,14鄰,博愛街,,,,,,87號,121.60864164855,23.9743042228286
花蓮縣花蓮市主勤里14鄰博愛街91號,10015,1001501,1001501-028,14鄰,博愛街,,,,,,91號,121.608586653687,23.9743531989751
花蓮縣花蓮市主勤里14鄰博愛街91之1號,10015,1001501,1001501-028,14鄰,博愛街,,,,,,91之1號,121.608586653687,23.9743531989751
花蓮縣花蓮市主勤里14鄰博愛街91之2號,10015,1001501,1001501-028,14鄰,博愛街,,,,,,91之2號,121.608586653687,23.9743531989751
花蓮縣花蓮市主勤里14鄰博愛街91之3號,10015,1001501,1001501-028,14鄰,博愛街,,,,,,91之3號,121.608586653687,23.9743531989751
花蓮縣花蓮市主勤里14鄰博愛街91之4號,10015,1001501,1001501-028,14鄰,博愛街,,,,,,91之4號,121.608586653687,23.9743531989751
花蓮縣花蓮市主勤里14鄰博愛街93之2號,10015,1001501,1001501-028,14鄰,博愛街,,,,,,93之2號,121.608562456602,23.974389953753
花蓮縣花蓮市主勤里14鄰博愛街93之3號,10015,1001501,1001501-028,14鄰,博愛街,,,,,,93之3號,121.608562456602,23.974389953753
花蓮縣花蓮市主勤里14鄰博愛街93號,10015,1001501,1001501-028,14鄰,博愛街,,,,,,93號,121.608562456602,23.974389953753
花蓮縣花蓮市主勤里14鄰博愛街93之4號,10015,1001501,1001501-028,14鄰,博愛街,,,,,,93之4號,121.608562456602,23.974389953753
花蓮縣花蓮市主勤里14鄰博愛街93之1號,10015,1001501,1001501-028,14鄰,博愛街,,,,,,93之1號,121.608562456602,23.974389953753
花蓮縣花蓮市主勤里14鄰博愛街95巷1號,10015,1001501,1001501-028,14鄰,博愛街,,95巷,,,,1號,121.608423316032,23.9742817209059
花蓮縣花蓮市主勤里14鄰博愛街95巷3號,10015,1001501,1001501-028,14鄰,博愛街,,95巷,,,,3號,121.608376048247,23.9742540169088
花蓮縣花蓮市主勤里14鄰博愛街95巷5號,10015,1001501,1001501-028,14鄰,博愛街,,95巷,,,,5號,121.608331299789,23.974227106514
花蓮縣花蓮市主勤里13鄰博愛街97號,10015,1001501,1001501-028,13鄰,博愛街,,,,,,97號,121.608510224613,23.9744623047117
花蓮縣花蓮市主勤里13鄰博愛街103巷1號,10015,1001501,1001501-028,13鄰,博愛街,,103巷,,,,1號,121.608222475882,23.9744980907875
花蓮縣花蓮市主勤里13鄰博愛街103巷1之1號,10015,1001501,1001501-028,13鄰,博愛街,,103巷,,,,1之1號,121.60816877022,23.9745307819119
花蓮縣花蓮市主勤里13鄰博愛街103巷1之2號,10015,1001501,1001501-028,13鄰,博愛街,,103巷,,,,1之2號,121.608081432642,23.9744806363753
花蓮縣花蓮市主勤里13鄰博愛街103巷2號,10015,1001501,1001501-028,13鄰,博愛街,,103巷,,,,2號,121.608090945708,23.9744096647693
花蓮縣花蓮市主勤里13鄰博愛街103巷3號,10015,1001501,1001501-028,13鄰,博愛街,,103巷,,,,3號,121.608243549132,23.974465709579
花蓮縣花蓮市主勤里13鄰博愛街103巷4號,10015,1001501,1001501-028,13鄰,博愛街,,103巷,,,,4號,121.608194457625,23.9744325861673
花蓮縣花蓮市主勤里13鄰博愛街103巷5號,10015,1001501,1001501-028,13鄰,博愛街,,103巷,,,,5號,121.608260420239,23.9744382840323
花蓮縣花蓮市主勤里13鄰博愛街103巷7號,10015,1001501,1001501-028,13鄰,博愛街,,103巷,,,,7號,121.608278354007,23.9744069716874
花蓮縣花蓮市主勤里13鄰博愛街105號,10015,1001501,1001501-028,13鄰,博愛街,,,,,,105號,121.608384157981,23.9746522385492
花蓮縣花蓮市主勤里13鄰博愛街107號,10015,1001501,1001501-028,13鄰,博愛街,,,,,,107號,121.60836131909,23.9746852859124
花蓮縣花蓮市主勤里13鄰博愛街109之1號,10015,1001501,1001501-028,13鄰,博愛街,,,,,,109之1號,121.608306369832,23.9747649612798
花蓮縣花蓮市主勤里13鄰博愛街109號,10015,1001501,1001501-028,13鄰,博愛街,,,,,,109號,121.608335821563,23.9747171700076
花蓮縣花蓮市主勤里10鄰博愛街111號,10015,1001501,1001501-028,10鄰,博愛街,,,,,,111號,121.608165998487,23.9748907084277
花蓮縣花蓮市主勤里10鄰博愛街115號,10015,1001501,1001501-028,10鄰,博愛街,,,,,,115號,121.608101347269,23.9750032525807
花蓮縣花蓮市主勤里10鄰博愛街115號二樓,10015,1001501,1001501-028,10鄰,博愛街,,,,,,115號二樓,121.608101347269,23.9750032525807
花蓮縣花蓮市主勤里10鄰博愛街115號三樓,10015,1001501,1001501-028,10鄰,博愛街,,,,,,115號三樓,121.608101347269,23.9750032525807
花蓮縣花蓮市主勤里10鄰博愛街117號,10015,1001501,1001501-028,10鄰,博愛街,,,,,,117號,121.60807848349,23.9750456814071
花蓮縣花蓮市主勤里10鄰博愛街119巷1號,10015,1001501,1001501-028,10鄰,博愛街,,119巷,,,,1號,121.607953033994,23.9749736915382
花蓮縣花蓮市主勤里10鄰博愛街119巷3號,10015,1001501,1001501-028,10鄰,博愛街,,119巷,,,,3號,121.607927564032,23.9749570341295
花蓮縣花蓮市主勤里10鄰博愛街119巷5號,10015,1001501,1001501-028,10鄰,博愛街,,119巷,,,,5號,121.607899666241,23.9749381380474
花蓮縣花蓮市主勤里10鄰博愛街119巷7號,10015,1001501,1001501-028,10鄰,博愛街,,119巷,,,,7號,121.607872551392,23.9749206564532
花蓮縣花蓮市主勤里10鄰博愛街119巷9號,10015,1001501,1001501-028,10鄰,博愛街,,119巷,,,,9號,121.607845459464,23.9749017752272
花蓮縣花蓮市主勤里10鄰博愛街119巷11號,10015,1001501,1001501-028,10鄰,博愛街,,119巷,,,,11號,121.607813628274,23.9748843755092
花蓮縣花蓮市主勤里10鄰博愛街119巷13號,10015,1001501,1001501-028,10鄰,博愛街,,119巷,,,,13號,121.607784931108,23.9748668369617
花蓮縣花蓮市主勤里10鄰博愛街119巷15號,10015,1001501,1001501-028,10鄰,博愛街,,119巷,,,,15號,121.607758658433,23.9748487289917
花蓮縣花蓮市主勤里10鄰博愛街119巷17號,10015,1001501,1001501-028,10鄰,博愛街,,119巷,,,,17號,121.607729205076,23.974831283721
花蓮縣花蓮市主勤里10鄰博愛街119巷19號,10015,1001501,1001501-028,10鄰,博愛街,,119巷,,,,19號,121.607699755074,23.9748124569536
花蓮縣花蓮市主勤里10鄰博愛街119巷21號,10015,1001501,1001501-028,10鄰,博愛街,,119巷,,,,21號,121.60767509483,23.974798721777
花蓮縣花蓮市主勤里10鄰博愛街121號,10015,1001501,1001501-028,10鄰,博愛街,,,,,,121號,121.60799386425,23.9751183772332
花蓮縣花蓮市主勤里10鄰博愛街123號,10015,1001501,1001501-028,10鄰,博愛街,,,,,,123號,121.607972894603,23.975149837012
花蓮縣花蓮市主勤里10鄰博愛街135號,10015,1001501,1001501-028,10鄰,博愛街,,,,,,135號,121.607877841077,23.9752899053426
花蓮縣花蓮市主勤里10鄰博愛街139號,10015,1001501,1001501-028,10鄰,博愛街,,,,,,139號,121.60784392779,23.9753481700898
花蓮縣花蓮市主勤里10鄰博愛街141號,10015,1001501,1001501-028,10鄰,博愛街,,,,,,141號,121.607813977258,23.975394437299
花蓮縣花蓮市主勤里10鄰博愛街143號,10015,1001501,1001501-028,10鄰,博愛街,,,,,,143號,121.607776044959,23.9754527269801
花蓮縣花蓮市主勤里6鄰博愛街145號,10015,1001501,1001501-028,6鄰,博愛街,,,,,,145號,121.607680500269,23.9755216916772
花蓮縣花蓮市主勤里6鄰博愛街147號,10015,1001501,1001501-028,6鄰,博愛街,,,,,,147號,121.607662702254,23.9755505835721
花蓮縣花蓮市主勤里6鄰博愛街149號,10015,1001501,1001501-028,6鄰,博愛街,,,,,,149號,121.607640250237,23.9755802884697
花蓮縣花蓮市主勤里6鄰博愛街151號,10015,1001501,1001501-028,6鄰,博愛街,,,,,,151號,121.607615528557,23.9756163408952
花蓮縣花蓮市主勤里6鄰博愛街153號,10015,1001501,1001501-028,6鄰,博愛街,,,,,,153號,121.607591738343,23.9756498614344
花蓮縣花蓮市主勤里6鄰博愛街155號,10015,1001501,1001501-028,6鄰,博愛街,,,,,,155號,121.607567926431,23.9756829486513
花蓮縣花蓮市主勤里6鄰博愛街157號,10015,1001501,1001501-028,6鄰,博愛街,,,,,,157號,121.607541856208,23.9757164240349
花蓮縣花蓮市主勤里6鄰博愛街159巷2號,10015,1001501,1001501-028,6鄰,博愛街,,159巷,,,,2號,121.60733031491,23.9755856147639
花蓮縣花蓮市主勤里6鄰博愛街159巷2之1號,10015,1001501,1001501-028,6鄰,博愛街,,159巷,,,,2之1號,121.607448454208,23.9756723878897
花蓮縣花蓮市主勤里5鄰博愛街161號,10015,1001501,1001501-028,5鄰,博愛街,,,,,,161號,121.60750119224,23.9758229858831
花蓮縣花蓮市主勤里5鄰博愛街163號,10015,1001501,1001501-028,5鄰,博愛街,,,,,,163號,121.607480589669,23.9758531439281
花蓮縣花蓮市主勤里5鄰博愛街165號,10015,1001501,1001501-028,5鄰,博愛街,,,,,,165號,121.607453562708,23.975887968445
花蓮縣花蓮市主勤里5鄰博愛街167號,10015,1001501,1001501-028,5鄰,博愛街,,,,,,167號,121.607425168074,23.9759245139314
花蓮縣花蓮市主勤里2鄰博愛街171號,10015,1001501,1001501-028,2鄰,博愛街,,,,,,171號,121.607180165633,23.9761729305885
花蓮縣花蓮市主勤里2鄰博愛街173號,10015,1001501,1001501-028,2鄰,博愛街,,,,,,173號,121.607152693348,23.976202926159
花蓮縣花蓮市主勤里2鄰博愛街175號,10015,1001501,1001501-028,2鄰,博愛街,,,,,,175號,121.607120518735,23.97623601028
花蓮縣花蓮市主勤里2鄰博愛街177號,10015,1001501,1001501-028,2鄰,博愛街,,,,,,177號,121.607091006136,23.9762709800078
花蓮縣花蓮市主勤里2鄰博愛街179號,10015,1001501,1001501-028,2鄰,博愛街,,,,,,179號,121.60705874761,23.9763071343979
花蓮縣花蓮市主勤里2鄰博愛街181號,10015,1001501,1001501-028,2鄰,博愛街,,,,,,181號,121.607021191234,23.9763451155926
花蓮縣花蓮市主勤里1鄰博愛街185號,10015,1001501,1001501-028,1鄰,博愛街,,,,,,185號,121.60692899375,23.9764449827906
花蓮縣花蓮市主勤里1鄰博愛街187號,10015,1001501,1001501-028,1鄰,博愛街,,,,,,187號,121.60689819967,23.9765000928101
花蓮縣花蓮市主勤里1鄰博愛街189號,10015,1001501,1001501-028,1鄰,博愛街,,,,,,189號,121.606861610897,23.9765558577901
花蓮縣花蓮市主勤里21鄰博愛街191號,10015,1001501,1001501-028,21鄰,博愛街,,,,,,191號,121.606436048804,23.977146058712
花蓮縣花蓮市主勤里21鄰博愛街195號,10015,1001501,1001501-028,21鄰,博愛街,,,,,,195號,121.606363449762,23.9772175955492
花蓮縣花蓮市主勤里21鄰博愛街197號,10015,1001501,1001501-028,21鄰,博愛街,,,,,,197號,121.606331866825,23.9772512189254
花蓮縣花蓮市主勤里21鄰博愛街199號,10015,1001501,1001501-028,21鄰,博愛街,,,,,,199號,121.606227660135,23.9773952320902
花蓮縣花蓮市主勤里21鄰博愛街201號,10015,1001501,1001501-028,21鄰,博愛街,,,,,,201號,121.606167375076,23.9774817539085
花蓮縣花蓮市主勤里21鄰博愛街203號,10015,1001501,1001501-028,21鄰,博愛街,,,,,,203號,121.60614404796,23.9775177915619
花蓮縣花蓮市主勤里21鄰博愛街205號三樓,10015,1001501,1001501-028,21鄰,博愛街,,,,,,205號三樓,121.606120713885,23.9775502446215
花蓮縣花蓮市主勤里21鄰博愛街205號四樓,10015,1001501,1001501-028,21鄰,博愛街,,,,,,205號四樓,121.606120713885,23.9775502446215
花蓮縣花蓮市主勤里21鄰博愛街205號五樓,10015,1001501,1001501-028,21鄰,博愛街,,,,,,205號五樓,121.606120713885,23.9775502446215
花蓮縣花蓮市主勤里21鄰博愛街207之1號,10015,1001501,1001501-028,21鄰,博愛街,,,,,,207之1號,121.606031483851,23.9776524923223
花蓮縣花蓮市主勤里21鄰博愛街207號,10015,1001501,1001501-028,21鄰,博愛街,,,,,,207號,121.606100291261,23.9775790835007
花蓮縣花蓮市主商里13鄰博愛街24巷37號,10015,1001501,1001501-020,13鄰,博愛街,,24巷,,,,37號,121.609208050821,23.9741690193483
花蓮縣花蓮市主商里13鄰博愛街36號,10015,1001501,1001501-020,13鄰,博愛街,,,,,,36號,121.609171595562,23.9738954419132
花蓮縣花蓮市主商里13鄰博愛街38號,10015,1001501,1001501-020,13鄰,博愛街,,,,,,38號,121.609138979453,23.9739472548974
花蓮縣花蓮市主商里13鄰博愛街38號二樓,10015,1001501,1001501-020,13鄰,博愛街,,,,,,38號二樓,121.609138979453,23.9739472548974
花蓮縣花蓮市主商里13鄰博愛街40號,10015,1001501,1001501-020,13鄰,博愛街,,,,,,40號,121.609109239684,23.9739963837954
花蓮縣花蓮市主商里13鄰博愛街42號,10015,1001501,1001501-020,13鄰,博愛街,,,,,,42號,121.60907576571,23.974039216053
花蓮縣花蓮市主商里13鄰博愛街44號,10015,1001501,1001501-020,13鄰,博愛街,,,,,,44號,121.609050128349,23.974072644824
花蓮縣花蓮市主商里13鄰博愛街46號,10015,1001501,1001501-020,13鄰,博愛街,,,,,,46號,121.609028579476,23.9741104004407
花蓮縣花蓮市主商里13鄰博愛街48號,10015,1001501,1001501-020,13鄰,博愛街,,,,,,48號,121.609007832867,23.9741474124709
花蓮縣花蓮市主商里13鄰博愛街50號,10015,1001501,1001501-020,13鄰,博愛街,,,,,,50號,121.608980635709,23.9741897683342
花蓮縣花蓮市主商里13鄰博愛街56號三樓之1,10015,1001501,1001501-020,13鄰,博愛街,,,,,,56號三樓之1,121.608802395221,23.9743721714704
花蓮縣花蓮市主商里13鄰博愛街56號三樓之2,10015,1001501,1001501-020,13鄰,博愛街,,,,,,56號三樓之2,121.608802395221,23.9743721714704
花蓮縣花蓮市主商里13鄰博愛街56號三樓之3,10015,1001501,1001501-020,13鄰,博愛街,,,,,,56號三樓之3,121.608802395221,23.9743721714704
花蓮縣花蓮市主商里13鄰博愛街56號三樓之5,10015,1001501,1001501-020,13鄰,博愛街,,,,,,56號三樓之5,121.608802395221,23.9743721714704
花蓮縣花蓮市主商里13鄰博愛街56號四樓之1,10015,1001501,1001501-020,13鄰,博愛街,,,,,,56號四樓之1,121.608802395221,23.9743721714704
花蓮縣花蓮市主商里13鄰博愛街56號四樓之2,10015,1001501,1001501-020,13鄰,博愛街,,,,,,56號四樓之2,121.608802395221,23.9743721714704
花蓮縣花蓮市主商里13鄰博愛街56號四樓之3,10015,1001501,1001501-020,13鄰,博愛街,,,,,,56號四樓之3,121.608802395221,23.9743721714704
花蓮縣花蓮市主商里13鄰博愛街56號四樓之5,10015,1001501,1001501-020,13鄰,博愛街,,,,,,56號四樓之5,121.608802395221,23.9743721714704
花蓮縣花蓮市主商里13鄰博愛街56號五樓之1,10015,1001501,1001501-020,13鄰,博愛街,,,,,,56號五樓之1,121.608802395221,23.9743721714704
花蓮縣花蓮市主商里13鄰博愛街56號五樓之2,10015,1001501,1001501-020,13鄰,博愛街,,,,,,56號五樓之2,121.608802395221,23.9743721714704
花蓮縣花蓮市主商里13鄰博愛街56號五樓之3,10015,1001501,1001501-020,13鄰,博愛街,,,,,,56號五樓之3,121.608802395221,23.9743721714704
花蓮縣花蓮市主商里13鄰博愛街56號五樓之5,10015,1001501,1001501-020,13鄰,博愛街,,,,,,56號五樓之5,121.608802395221,23.9743721714704
花蓮縣花蓮市主商里13鄰博愛街56號六樓之1,10015,1001501,1001501-020,13鄰,博愛街,,,,,,56號六樓之1,121.608802395221,23.9743721714704
花蓮縣花蓮市主商里13鄰博愛街56號六樓之2,10015,1001501,1001501-020,13鄰,博愛街,,,,,,56號六樓之2,121.608802395221,23.9743721714704
花蓮縣花蓮市主商里13鄰博愛街56號六樓之3,10015,1001501,1001501-020,13鄰,博愛街,,,,,,56號六樓之3,121.608802395221,23.9743721714704
花蓮縣花蓮市主商里13鄰博愛街56號六樓之5,10015,1001501,1001501-020,13鄰,博愛街,,,,,,56號六樓之5,121.608802395221,23.9743721714704
花蓮縣花蓮市主商里13鄰博愛街56號七樓之1,10015,1001501,1001501-020,13鄰,博愛街,,,,,,56號七樓之1,121.608802395221,23.9743721714704
花蓮縣花蓮市主商里13鄰博愛街56號七樓之2,10015,1001501,1001501-020,13鄰,博愛街,,,,,,56號七樓之2,121.608802395221,23.9743721714704
花蓮縣花蓮市主商里13鄰博愛街56號七樓之3,10015,1001501,1001501-020,13鄰,博愛街,,,,,,56號七樓之3,121.608802395221,23.9743721714704
花蓮縣花蓮市主商里13鄰博愛街56號七樓之5,10015,1001501,1001501-020,13鄰,博愛街,,,,,,56號七樓之5,121.608802395221,23.9743721714704
花蓮縣花蓮市主商里11鄰博愛街68號,10015,1001501,1001501-020,11鄰,博愛街,,,,,,68號,121.608273934425,23.9751002651863
花蓮縣花蓮市主商里11鄰博愛街72號,10015,1001501,1001501-020,11鄰,博愛街,,,,,,72號,121.608159794562,23.975197718982
花蓮縣花蓮市主商里11鄰博愛街72之2號,10015,1001501,1001501-020,11鄰,博愛街,,,,,,72之2號,121.608123415131,23.9752413661549
花蓮縣花蓮市主商里11鄰博愛街72之3號,10015,1001501,1001501-020,11鄰,博愛街,,,,,,72之3號,121.608203625372,23.9753242348698
花蓮縣花蓮市主商里11鄰博愛街72之1號,10015,1001501,1001501-020,11鄰,博愛街,,,,,,72之1號,121.608139958046,23.9752214542708
花蓮縣花蓮市主商里11鄰博愛街74號,10015,1001501,1001501-020,11鄰,博愛街,,,,,,74號,121.608182548572,23.975351704166
花蓮縣花蓮市主商里11鄰博愛街76號,10015,1001501,1001501-020,11鄰,博愛街,,,,,,76號,121.608067871792,23.9753159783744
花蓮縣花蓮市主商里11鄰博愛街78號,10015,1001501,1001501-020,11鄰,博愛街,,,,,,78號,121.608031638789,23.9753531509632
花蓮縣花蓮市主商里11鄰博愛街80號,10015,1001501,1001501-020,11鄰,博愛街,,,,,,80號,121.607991024317,23.9754031444007
花蓮縣花蓮市主商里11鄰博愛街84號,10015,1001501,1001501-020,11鄰,博愛街,,,,,,84號,121.607921568606,23.9754866061945
花蓮縣花蓮市主商里11鄰博愛街86號,10015,1001501,1001501-020,11鄰,博愛街,,,,,,86號,121.607908746246,23.9755518121643
花蓮縣花蓮市主商里9鄰博愛街88號,10015,1001501,1001501-020,9鄰,博愛街,,,,,,88號,121.607764872843,23.9756874869587
花蓮縣花蓮市主商里9鄰博愛街90號,10015,1001501,1001501-020,9鄰,博愛街,,,,,,90號,121.607738462176,23.9757342638296
花蓮縣花蓮市主商里9鄰博愛街92號,10015,1001501,1001501-020,9鄰,博愛街,,,,,,92號,121.607709928221,23.9757766969997
花蓮縣花蓮市主商里9鄰博愛街94號,10015,1001501,1001501-020,9鄰,博愛街,,,,,,94號,121.607690031855,23.9758065633388
花蓮縣花蓮市主商里9鄰博愛街96號,10015,1001501,1001501-020,9鄰,博愛街,,,,,,96號,121.607663427247,23.9758329528863
花蓮縣花蓮市主商里9鄰博愛街98號,10015,1001501,1001501-020,9鄰,博愛街,,,,,,98號,121.607636104201,23.9758549209349
花蓮縣花蓮市主商里9鄰博愛街100號,10015,1001501,1001501-020,9鄰,博愛街,,,,,,100號,121.607636104201,23.9758549209349
花蓮縣花蓮市主商里6鄰博愛街104之1號,10015,1001501,1001501-020,6鄰,博愛街,,,,,,104之1號,121.607431632789,23.9761527029941
花蓮縣花蓮市主商里6鄰博愛街104號,10015,1001501,1001501-020,6鄰,博愛街,,,,,,104號,121.607448419564,23.9761281672347
花蓮縣花蓮市主商里6鄰博愛街106號,10015,1001501,1001501-020,6鄰,博愛街,,,,,,106號,121.607404088126,23.9761882067464
花蓮縣花蓮市主商里6鄰博愛街108號,10015,1001501,1001501-020,6鄰,博愛街,,,,,,108號,121.607378286812,23.9762182860346
花蓮縣花蓮市主商里6鄰博愛街110之1號,10015,1001501,1001501-020,6鄰,博愛街,,,,,,110之1號,121.607334345407,23.9762776919341
花蓮縣花蓮市主商里6鄰博愛街110號,10015,1001501,1001501-020,6鄰,博愛街,,,,,,110號,121.607352788323,23.9762500796801
花蓮縣花蓮市主商里6鄰博愛街114號,10015,1001501,1001501-020,6鄰,博愛街,,,,,,114號,121.607237578636,23.9763817128019
花蓮縣花蓮市主商里6鄰博愛街116號,10015,1001501,1001501-020,6鄰,博愛街,,,,,,116號,121.607204300516,23.9764246612634
花蓮縣花蓮市主商里7鄰博愛街118號,10015,1001501,1001501-020,7鄰,博愛街,,,,,,118號,121.607178059888,23.9764637624918
花蓮縣花蓮市主商里7鄰博愛街120號,10015,1001501,1001501-020,7鄰,博愛街,,,,,,120號,121.60714913895,23.9765012761416
花蓮縣花蓮市主商里7鄰博愛街122號,10015,1001501,1001501-020,7鄰,博愛街,,,,,,122號,121.607120763338,23.9765356364152
花蓮縣花蓮市主商里7鄰博愛街124號,10015,1001501,1001501-020,7鄰,博愛街,,,,,,124號,121.607098419196,23.9765674536555
花蓮縣花蓮市主商里7鄰博愛街126之1號,10015,1001501,1001501-020,7鄰,博愛街,,,,,,126之1號,121.607037646853,23.9766483434766
花蓮縣花蓮市主商里7鄰博愛街126號,10015,1001501,1001501-020,7鄰,博愛街,,,,,,126號,121.607075513295,23.9766136025571
花蓮縣花蓮市主商里7鄰博愛街128號,10015,1001501,1001501-020,7鄰,博愛街,,,,,,128號,121.60701325048,23.9766763042986
花蓮縣花蓮市主商里7鄰博愛街130號,10015,1001501,1001501-020,7鄰,博愛街,,,,,,130號,121.60698924057,23.9767154418168
花蓮縣花蓮市主商里23鄰博愛街130之1號,10015,1001501,1001501-020,23鄰,博愛街,,,,,,130之1號,121.606720316102,23.9770495588334
花蓮縣花蓮市主商里23鄰博愛街132之2號,10015,1001501,1001501-020,23鄰,博愛街,,,,,,132之2號,121.606722347492,23.9772042401481
花蓮縣花蓮市主商里23鄰博愛街132號,10015,1001501,1001501-020,23鄰,博愛街,,,,,,132號,121.60659651693,23.9772358434626
花蓮縣花蓮市主商里23鄰博愛街132之3號,10015,1001501,1001501-020,23鄰,博愛街,,,,,,132之3號,121.606765892431,23.9772341986116
花蓮縣花蓮市主商里23鄰博愛街134號,10015,1001501,1001501-020,23鄰,博愛街,,,,,,134號,121.606565781192,23.9772761993676
花蓮縣花蓮市主商里23鄰博愛街136號,10015,1001501,1001501-020,23鄰,博愛街,,,,,,136號,121.606535283282,23.9773190825202
花蓮縣花蓮市主商里23鄰博愛街138號,10015,1001501,1001501-020,23鄰,博愛街,,,,,,138號,121.606497226736,23.9773720631731
花蓮縣花蓮市主商里23鄰博愛街140號,10015,1001501,1001501-020,23鄰,博愛街,,,,,,140號,121.606457087406,23.9774062621509
花蓮縣花蓮市主商里23鄰博愛街142號,10015,1001501,1001501-020,23鄰,博愛街,,,,,,142號,121.606415208508,23.9774782012867
花蓮縣花蓮市主商里23鄰博愛街144號,10015,1001501,1001501-020,23鄰,博愛街,,,,,,144號,121.606390002454,23.9775200883359
花蓮縣花蓮市主商里23鄰博愛街146號,10015,1001501,1001501-020,23鄰,博愛街,,,,,,146號,121.606359335753,23.9775563265831
花蓮縣花蓮市主商里23鄰博愛街148之1號,10015,1001501,1001501-020,23鄰,博愛街,,,,,,148之1號,121.606329807294,23.9775817161806
花蓮縣花蓮市主商里23鄰博愛街148之2號,10015,1001501,1001501-020,23鄰,博愛街,,,,,,148之2號,121.606309792382,23.9776031765673
花蓮縣花蓮市主商里23鄰博愛街150號,10015,1001501,1001501-020,23鄰,博愛街,,,,,,150號,121.606286653556,23.9776353489727
花蓮縣花蓮市主商里23鄰博愛街152號,10015,1001501,1001501-020,23鄰,博愛街,,,,,,152號,121.606251256348,23.9776728790167
花蓮縣花蓮市主商里23鄰博愛街154號,10015,1001501,1001501-020,23鄰,博愛街,,,,,,154號,121.606209125779,23.9777267786226
花蓮縣花蓮市主商里23鄰博愛街154之1號,10015,1001501,1001501-020,23鄰,博愛街,,,,,,154之1號,121.606154581391,23.9777570254415
花蓮縣花蓮市國威里31鄰博愛街174之1號,10015,1001501,1001501-007,31鄰,博愛街,,,,,,174之1號,121.605214615237,23.9790070361934
花蓮縣花蓮市國威里31鄰博愛街174之2號,10015,1001501,1001501-007,31鄰,博愛街,,,,,,174之2號,121.605189426084,23.9790421690926
花蓮縣花蓮市國威里31鄰博愛街174號,10015,1001501,1001501-007,31鄰,博愛街,,,,,,174號,121.605277408438,23.9789438545253
花蓮縣花蓮市國威里31鄰博愛街176之5號,10015,1001501,1001501-007,31鄰,博愛街,,,,,,176之5號,121.605022895444,23.9792599796458
花蓮縣花蓮市國威里31鄰博愛街176之1號,10015,1001501,1001501-007,31鄰,博愛街,,,,,,176之1號,121.605073532857,23.9791609998183
花蓮縣花蓮市國威里31鄰博愛街176號二樓,10015,1001501,1001501-007,31鄰,博愛街,,,,,,176號二樓,121.605100302347,23.9791275762653
花蓮縣花蓮市國威里31鄰博愛街176之6號,10015,1001501,1001501-007,31鄰,博愛街,,,,,,176之6號,121.605000209684,23.9792840869416
花蓮縣花蓮市國威里31鄰博愛街176之7號,10015,1001501,1001501-007,31鄰,博愛街,,,,,,176之7號,121.604967552971,23.9793194298359
花蓮縣花蓮市國威里31鄰博愛街176之8號,10015,1001501,1001501-007,31鄰,博愛街,,,,,,176之8號,121.604934935033,23.9793630794927
花蓮縣花蓮市國威里31鄰博愛街176號三樓,10015,1001501,1001501-007,31鄰,博愛街,,,,,,176號三樓,121.605100302347,23.9791275762653
花蓮縣花蓮市國威里31鄰博愛街176號四樓,10015,1001501,1001501-007,31鄰,博愛街,,,,,,176號四樓,121.605100302347,23.9791275762653
花蓮縣花蓮市國威里31鄰博愛街176號五樓,10015,1001501,1001501-007,31鄰,博愛街,,,,,,176號五樓,121.605100302347,23.9791275762653
花蓮縣花蓮市國威里31鄰博愛街176號六樓,10015,1001501,1001501-007,31鄰,博愛街,,,,,,176號六樓,121.605100302347,23.9791275762653
花蓮縣花蓮市國威里31鄰博愛街176號七樓,10015,1001501,1001501-007,31鄰,博愛街,,,,,,176號七樓,121.605100302347,23.9791275762653
花蓮縣花蓮市國威里33鄰博愛街178之6號,10015,1001501,1001501-007,33鄰,博愛街,,,,,,178之6號,121.604631498441,23.9797942220005
花蓮縣花蓮市國威里33鄰博愛街178之7號,10015,1001501,1001501-007,33鄰,博愛街,,,,,,178之7號,121.604631498441,23.9797942220005
花蓮縣花蓮市國威里33鄰博愛街178之8號,10015,1001501,1001501-007,33鄰,博愛街,,,,,,178之8號,121.604631498441,23.9797942220005
花蓮縣花蓮市國威里33鄰博愛街178之9號,10015,1001501,1001501-007,33鄰,博愛街,,,,,,178之9號,121.604631498441,23.9797942220005
花蓮縣花蓮市國威里33鄰博愛街178之2號,10015,1001501,1001501-007,33鄰,博愛街,,,,,,178之2號,121.604631498441,23.9797942220005
花蓮縣花蓮市國威里33鄰博愛街178之3號,10015,1001501,1001501-007,33鄰,博愛街,,,,,,178之3號,121.604631498441,23.9797942220005
花蓮縣花蓮市國威里33鄰博愛街178之4號,10015,1001501,1001501-007,33鄰,博愛街,,,,,,178之4號,121.604631498441,23.9797942220005
花蓮縣花蓮市國威里33鄰博愛街178之5號,10015,1001501,1001501-007,33鄰,博愛街,,,,,,178之5號,121.604631498441,23.9797942220005
花蓮縣花蓮市國威里31鄰博愛街178之10號,10015,1001501,1001501-007,31鄰,博愛街,,,,,,178之10號,121.604891354193,23.9793949440293
花蓮縣花蓮市國威里31鄰博愛街178之11號,10015,1001501,1001501-007,31鄰,博愛街,,,,,,178之11號,121.604858741271,23.979439677162
花蓮縣花蓮市國威里31鄰博愛街178之12號,10015,1001501,1001501-007,31鄰,博愛街,,,,,,178之12號,121.604825638438,23.9794763039407
花蓮縣花蓮市國威里31鄰博愛街178之13號,10015,1001501,1001501-007,31鄰,博愛街,,,,,,178之13號,121.604795195184,23.9795269155867
花蓮縣花蓮市國威里31鄰博愛街178號之11,10015,1001501,1001501-007,31鄰,博愛街,,,,,,178號之11,121.604858741271,23.979439677162
花蓮縣花蓮市國威里34鄰博愛街180號,10015,1001501,1001501-007,34鄰,博愛街,,,,,,180號,121.604557475926,23.9799255463585
花蓮縣花蓮市國威里34鄰博愛街182號,10015,1001501,1001501-007,34鄰,博愛街,,,,,,182號,121.604477726122,23.9800067537488
花蓮縣花蓮市國威里34鄰博愛街182之1號,10015,1001501,1001501-007,34鄰,博愛街,,,,,,182之1號,121.604450466517,23.9800489375109
花蓮縣花蓮市國威里34鄰博愛街184之2號,10015,1001501,1001501-007,34鄰,博愛街,,,,,,184之2號,121.60436653953,23.980161610224
花蓮縣花蓮市國威里34鄰博愛街184之1號,10015,1001501,1001501-007,34鄰,博愛街,,,,,,184之1號,121.604326380833,23.9801371997856
花蓮縣花蓮市國威里34鄰博愛街184號,10015,1001501,1001501-007,34鄰,博愛街,,,,,,184號,121.604398828622,23.9801126888921
花蓮縣花蓮市國威里34鄰博愛街186之1號,10015,1001501,1001501-007,34鄰,博愛街,,,,,,186之1號,121.604300230943,23.980164498925
花蓮縣花蓮市國威里34鄰博愛街188號,10015,1001501,1001501-007,34鄰,博愛街,,,,,,188號,121.604344097696,23.9803117740018
花蓮縣花蓮市國威里34鄰博愛街190號,10015,1001501,1001501-007,34鄰,博愛街,,,,,,190號,121.60423118093,23.9802580341359
花蓮縣花蓮市國威里31鄰博愛街225號,10015,1001501,1001501-007,31鄰,博愛街,,,,,,225號,121.604880562541,23.979062077633
花蓮縣花蓮市國威里31鄰博愛街227號,10015,1001501,1001501-007,31鄰,博愛街,,,,,,227號,121.604858312545,23.9791647739003
花蓮縣花蓮市國威里31鄰博愛街227之1號,10015,1001501,1001501-007,31鄰,博愛街,,,,,,227之1號,121.604834386572,23.9791947641118
花蓮縣花蓮市國威里31鄰博愛街229之1號,10015,1001501,1001501-007,31鄰,博愛街,,,,,,229之1號,121.604749133691,23.9793053023237
花蓮縣花蓮市國威里31鄰博愛街229號,10015,1001501,1001501-007,31鄰,博愛街,,,,,,229號,121.604785846666,23.9792631534799
花蓮縣花蓮市國威里34鄰博愛街231之3號,10015,1001501,1001501-007,34鄰,博愛街,,,,,,231之3號,121.604292951643,23.9798511760474
花蓮縣花蓮市國威里34鄰博愛街231號,10015,1001501,1001501-007,34鄰,博愛街,,,,,,231號,121.604369371369,23.9797491694167
花蓮縣花蓮市國威里34鄰博愛街231之1號,10015,1001501,1001501-007,34鄰,博愛街,,,,,,231之1號,121.604346281217,23.9797856392721
花蓮縣花蓮市國威里34鄰博愛街231之2號,10015,1001501,1001501-007,34鄰,博愛街,,,,,,231之2號,121.60431962404,23.9798200374141
花蓮縣花蓮市國威里34鄰博愛街231號之2,10015,1001501,1001501-007,34鄰,博愛街,,,,,,231號之2,121.604369371369,23.9797491694167
花蓮縣花蓮市國威里34鄰博愛街231號之3,10015,1001501,1001501-007,34鄰,博愛街,,,,,,231號之3,121.604369371369,23.9797491694167
花蓮縣花蓮市國威里34鄰博愛街233之1號,10015,1001501,1001501-007,34鄰,博愛街,,,,,,233之1號,121.604262781692,23.9798930281282
花蓮縣花蓮市國威里34鄰博愛街233號,10015,1001501,1001501-007,34鄰,博愛街,,,,,,233號,121.604232695036,23.9799316744866
花蓮縣花蓮市國威里34鄰博愛街235號,10015,1001501,1001501-007,34鄰,博愛街,,,,,,235號,121.60414507879,23.9799170670565
花蓮縣花蓮市國威里34鄰博愛街235之1號,10015,1001501,1001501-007,34鄰,博愛街,,,,,,235之1號,121.604110452394,23.9799726430778
花蓮縣花蓮市國威里34鄰博愛街237號,10015,1001501,1001501-007,34鄰,博愛街,,,,,,237號,121.603984334824,23.980006638177
花蓮縣花蓮市國威里34鄰博愛街239號,10015,1001501,1001501-007,34鄰,博愛街,,,,,,239號,121.604081880425,23.9801675167861
花蓮縣花蓮市國威里34鄰博愛街239號四樓,10015,1001501,1001501-007,34鄰,博愛街,,,,,,239號四樓,121.604081880425,23.9801675167861
花蓮縣花蓮市國治里18鄰博愛街156號,10015,1001501,1001501-015,18鄰,博愛街,,,,,,156號,121.605938750818,23.9780478888539
花蓮縣花蓮市國治里17鄰博愛街156之5號,10015,1001501,1001501-015,17鄰,博愛街,,,,,,156之5號,121.606038548469,23.97806191444
花蓮縣花蓮市國治里18鄰博愛街158號,10015,1001501,1001501-015,18鄰,博愛街,,,,,,158號,121.605901901659,23.9781027878265
花蓮縣花蓮市國治里18鄰博愛街160號,10015,1001501,1001501-015,18鄰,博愛街,,,,,,160號,121.60587347318,23.9781406965827
花蓮縣花蓮市國治里18鄰博愛街162號,10015,1001501,1001501-015,18鄰,博愛街,,,,,,162號,121.605848090453,23.978182692593
花蓮縣花蓮市國治里18鄰博愛街164之2號,10015,1001501,1001501-015,18鄰,博愛街,,,,,,164之2號,121.605816437876,23.9782561351919
花蓮縣花蓮市國治里18鄰博愛街164之5號,10015,1001501,1001501-015,18鄰,博愛街,,,,,,164之5號,121.605816437876,23.9782561351919
花蓮縣花蓮市國治里18鄰博愛街164之6號,10015,1001501,1001501-015,18鄰,博愛街,,,,,,164之6號,121.605816437876,23.9782561351919
花蓮縣花蓮市國治里18鄰博愛街164之7號,10015,1001501,1001501-015,18鄰,博愛街,,,,,,164之7號,121.605816437876,23.9782561351919
花蓮縣花蓮市國治里18鄰博愛街164號,10015,1001501,1001501-015,18鄰,博愛街,,,,,,164號,121.605816437876,23.9782561351919
花蓮縣花蓮市國治里18鄰博愛街164之1號,10015,1001501,1001501-015,18鄰,博愛街,,,,,,164之1號,121.605816437876,23.9782561351919
花蓮縣花蓮市國治里18鄰博愛街164之3號,10015,1001501,1001501-015,18鄰,博愛街,,,,,,164之3號,121.605816437876,23.9782561351919
花蓮縣花蓮市國治里18鄰博愛街164之4號,10015,1001501,1001501-015,18鄰,博愛街,,,,,,164之4號,121.605816437876,23.9782561351919
花蓮縣花蓮市國治里18鄰博愛街166之1號,10015,1001501,1001501-015,18鄰,博愛街,,,,,,166之1號,121.605756990965,23.9783202970846
花蓮縣花蓮市國治里18鄰博愛街166之2號,10015,1001501,1001501-015,18鄰,博愛街,,,,,,166之2號,121.605756990965,23.9783202970846
花蓮縣花蓮市國治里18鄰博愛街166之3號,10015,1001501,1001501-015,18鄰,博愛街,,,,,,166之3號,121.605756990965,23.9783202970846
花蓮縣花蓮市國治里18鄰博愛街166之4號,10015,1001501,1001501-015,18鄰,博愛街,,,,,,166之4號,121.605756990965,23.9783202970846
花蓮縣花蓮市國治里18鄰博愛街166之5號,10015,1001501,1001501-015,18鄰,博愛街,,,,,,166之5號,121.605756990965,23.9783202970846
花蓮縣花蓮市國治里18鄰博愛街166之6號,10015,1001501,1001501-015,18鄰,博愛街,,,,,,166之6號,121.605756990965,23.9783202970846
花蓮縣花蓮市國治里18鄰博愛街166之7號,10015,1001501,1001501-015,18鄰,博愛街,,,,,,166之7號,121.605756990965,23.9783202970846
花蓮縣花蓮市國治里18鄰博愛街166號,10015,1001501,1001501-015,18鄰,博愛街,,,,,,166號,121.605756990965,23.9783202970846
花蓮縣花蓮市國治里18鄰博愛街168號,10015,1001501,1001501-015,18鄰,博愛街,,,,,,168號,121.605702080813,23.9784090006417
花蓮縣花蓮市國治里18鄰博愛街168號二樓,10015,1001501,1001501-015,18鄰,博愛街,,,,,,168號二樓,121.605702080813,23.9784090006417
花蓮縣花蓮市國治里18鄰博愛街168號三樓,10015,1001501,1001501-015,18鄰,博愛街,,,,,,168號三樓,121.605702080813,23.9784090006417
花蓮縣花蓮市國治里18鄰博愛街168號四樓,10015,1001501,1001501-015,18鄰,博愛街,,,,,,168號四樓,121.605702080813,23.9784090006417
花蓮縣花蓮市國治里18鄰博愛街168號五樓,10015,1001501,1001501-015,18鄰,博愛街,,,,,,168號五樓,121.605702080813,23.9784090006417
花蓮縣花蓮市國治里18鄰博愛街170號,10015,1001501,1001501-015,18鄰,博愛街,,,,,,170號,121.605640368181,23.9784572889598
花蓮縣花蓮市國治里18鄰博愛街172號,10015,1001501,1001501-015,18鄰,博愛街,,,,,,172號,121.605604979557,23.9785177621818
花蓮縣花蓮市國治里19鄰博愛街209號,10015,1001501,1001501-015,19鄰,博愛街,,,,,,209號,121.605700821767,23.9781019022979
花蓮縣花蓮市國治里19鄰博愛街211號,10015,1001501,1001501-015,19鄰,博愛街,,,,,,211號,121.605677872583,23.9781368548779
花蓮縣花蓮市國治里19鄰博愛街213號,10015,1001501,1001501-015,19鄰,博愛街,,,,,,213號,121.605635150717,23.9781799666931
花蓮縣花蓮市國治里19鄰博愛街215號,10015,1001501,1001501-015,19鄰,博愛街,,,,,,215號,121.605597967514,23.9782286096332
花蓮縣花蓮市國治里19鄰博愛街215之1號,10015,1001501,1001501-015,19鄰,博愛街,,,,,,215之1號,121.605385171547,23.9780989584549
花蓮縣花蓮市國治里19鄰博愛街217號,10015,1001501,1001501-015,19鄰,博愛街,,,,,,217號,121.605548936103,23.9782841886537
花蓮縣花蓮市國治里19鄰博愛街219號,10015,1001501,1001501-015,19鄰,博愛街,,,,,,219號,121.605530343733,23.978313607137
花蓮縣花蓮市國治里19鄰博愛街221號,10015,1001501,1001501-015,19鄰,博愛街,,,,,,221號,121.605505914338,23.9783430486532
花蓮縣花蓮市國治里19鄰博愛街223之1號,10015,1001501,1001501-015,19鄰,博愛街,,,,,,223之1號,121.605448521277,23.9784303894726
花蓮縣花蓮市國治里19鄰博愛街223之2號,10015,1001501,1001501-015,19鄰,博愛街,,,,,,223之2號,121.605416811563,23.9784727444621
花蓮縣花蓮市國治里19鄰博愛街223之3號,10015,1001501,1001501-015,19鄰,博愛街,,,,,,223之3號,121.60538504192,23.978506485764
花蓮縣花蓮市國治里19鄰博愛街223號,10015,1001501,1001501-015,19鄰,博愛街,,,,,,223號,121.605478755302,23.978379272885
花蓮縣花蓮市國華里17鄰博愛街198號,10015,1001501,1001501-038,17鄰,博愛街,,,,,,198號,121.603800131793,23.9807492977721
花蓮縣花蓮市國華里17鄰博愛街200號,10015,1001501,1001501-038,17鄰,博愛街,,,,,,200號,121.603614884391,23.9809161470882
花蓮縣花蓮市國華里17鄰博愛街202號,10015,1001501,1001501-038,17鄰,博愛街,,,,,,202號,121.603547313806,23.9809751753626
花蓮縣花蓮市國華里17鄰博愛街206號,10015,1001501,1001501-038,17鄰,博愛街,,,,,,206號,121.603502704963,23.9810164881653
花蓮縣花蓮市國華里17鄰博愛街206之1號,10015,1001501,1001501-038,17鄰,博愛街,,,,,,206之1號,121.603465203846,23.9810436422016
花蓮縣花蓮市國華里17鄰博愛街218號,10015,1001501,1001501-038,17鄰,博愛街,,,,,,218號,121.603358931982,23.9811106058415
花蓮縣花蓮市國華里17鄰博愛街220巷3號,10015,1001501,1001501-038,17鄰,博愛街,,220巷,,,,3號,121.603133544574,23.9812995264615
花蓮縣花蓮市國華里17鄰博愛街220巷5號,10015,1001501,1001501-038,17鄰,博愛街,,220巷,,,,5號,121.60317406433,23.9813318002748
花蓮縣花蓮市國華里17鄰博愛街220巷7之1號,10015,1001501,1001501-038,17鄰,博愛街,,220巷,,,,7之1號,121.602943046422,23.9816898247319
花蓮縣花蓮市國華里17鄰博愛街220巷7之2號,10015,1001501,1001501-038,17鄰,博愛街,,220巷,,,,7之2號,121.6029860601,23.9817406168376
花蓮縣花蓮市國華里17鄰博愛街220巷7之3號,10015,1001501,1001501-038,17鄰,博愛街,,220巷,,,,7之3號,121.603021197089,23.9817987265054
花蓮縣花蓮市國華里17鄰博愛街220巷7號,10015,1001501,1001501-038,17鄰,博愛街,,220巷,,,,7號,121.603208230403,23.9813629071954
花蓮縣花蓮市國華里17鄰博愛街220巷7之5號,10015,1001501,1001501-038,17鄰,博愛街,,220巷,,,,7之5號,121.603064247778,23.9818553423161
花蓮縣花蓮市國華里17鄰博愛街220巷9弄1號,10015,1001501,1001501-038,17鄰,博愛街,,220巷,9弄,,,1號,121.603106530499,23.9815718649326
花蓮縣花蓮市國華里17鄰博愛街220巷9弄3號,10015,1001501,1001501-038,17鄰,博愛街,,220巷,9弄,,,3號,121.603161755986,23.9816367307494
花蓮縣花蓮市國華里17鄰博愛街220巷9弄5號,10015,1001501,1001501-038,17鄰,博愛街,,220巷,9弄,,,5號,121.603186946777,23.981686130127
花蓮縣花蓮市國華里17鄰博愛街220巷9弄7號,10015,1001501,1001501-038,17鄰,博愛街,,220巷,9弄,,,7號,121.603229117202,23.9817373047074
花蓮縣花蓮市國華里17鄰博愛街220巷9弄8號,10015,1001501,1001501-038,17鄰,博愛街,,220巷,9弄,,,8號,121.60344344239,23.9818273233086
花蓮縣花蓮市國華里17鄰博愛街220巷9弄9號,10015,1001501,1001501-038,17鄰,博愛街,,220巷,9弄,,,9號,121.603122079944,23.981899620208
花蓮縣花蓮市國華里17鄰博愛街220巷9弄10號,10015,1001501,1001501-038,17鄰,博愛街,,220巷,9弄,,,10號,121.603288670094,23.9818260990632
花蓮縣花蓮市國華里17鄰博愛街220巷9弄11號,10015,1001501,1001501-038,17鄰,博愛街,,220巷,9弄,,,11號,121.603158223109,23.9819416447701
花蓮縣花蓮市國華里17鄰博愛街220巷9弄12號,10015,1001501,1001501-038,17鄰,博愛街,,220巷,9弄,,,12號,121.603385121801,23.9819397864191
花蓮縣花蓮市國華里17鄰博愛街220巷9弄13號,10015,1001501,1001501-038,17鄰,博愛街,,220巷,9弄,,,13號,121.603188380383,23.9819791872561
花蓮縣花蓮市國華里17鄰博愛街220巷9弄15號,10015,1001501,1001501-038,17鄰,博愛街,,220巷,9弄,,,15號,121.603207478691,23.982007536283
花蓮縣花蓮市國華里17鄰博愛街220巷9弄17號,10015,1001501,1001501-038,17鄰,博愛街,,220巷,9弄,,,17號,121.603230572228,23.9820349395843
花蓮縣花蓮市國華里17鄰博愛街220巷9弄19號,10015,1001501,1001501-038,17鄰,博愛街,,220巷,9弄,,,19號,121.603244669945,23.9820614753281
花蓮縣花蓮市國華里17鄰博愛街220巷9弄21號,10015,1001501,1001501-038,17鄰,博愛街,,220巷,9弄,,,21號,121.603269768232,23.9820888797694
花蓮縣花蓮市國華里17鄰博愛街220巷11號,10015,1001501,1001501-038,17鄰,博愛街,,220巷,,,,11號,121.603249187132,23.981495322822
花蓮縣花蓮市國華里17鄰博愛街220巷13號,10015,1001501,1001501-038,17鄰,博愛街,,220巷,,,,13號,121.603302226023,23.9815380122881
花蓮縣花蓮市國華里17鄰博愛街220巷15號,10015,1001501,1001501-038,17鄰,博愛街,,220巷,,,,15號,121.603343334292,23.9815763514039
花蓮縣花蓮市國華里17鄰博愛街220巷17號,10015,1001501,1001501-038,17鄰,博愛街,,220巷,,,,17號,121.603376511432,23.9816229744462
花蓮縣花蓮市國華里17鄰博愛街220巷19號,10015,1001501,1001501-038,17鄰,博愛街,,220巷,,,,19號,121.603399643381,23.9816586303185
花蓮縣花蓮市國華里17鄰博愛街220巷21號,10015,1001501,1001501-038,17鄰,博愛街,,220巷,,,,21號,121.603442005681,23.9817319889817
花蓮縣花蓮市國華里17鄰博愛街222號,10015,1001501,1001501-038,17鄰,博愛街,,,,,,222號,121.603100537616,23.981255647589
花蓮縣花蓮市國華里17鄰博愛街230號,10015,1001501,1001501-038,17鄰,博愛街,,,,,,230號,121.603008768323,23.9813243417733
花蓮縣花蓮市國華里17鄰博愛街232號,10015,1001501,1001501-038,17鄰,博愛街,,,,,,232號,121.602964740254,23.9813511511433
花蓮縣花蓮市國華里17鄰博愛街236號,10015,1001501,1001501-038,17鄰,博愛街,,,,,,236號,121.602920717589,23.9813791252544
花蓮縣花蓮市國華里17鄰博愛街238號,10015,1001501,1001501-038,17鄰,博愛街,,,,,,238號,121.602876705663,23.9814094108023
花蓮縣花蓮市國華里17鄰博愛街240號,10015,1001501,1001501-038,17鄰,博愛街,,,,,,240號,121.602835209395,23.981439686453
花蓮縣花蓮市國華里17鄰博愛街242號,10015,1001501,1001501-038,17鄰,博愛街,,,,,,242號,121.602787424842,23.9814722982909
花蓮縣花蓮市國華里17鄰博愛街246號,10015,1001501,1001501-038,17鄰,博愛街,,,,,,246號,121.602987407497,23.9815297692279
花蓮縣花蓮市國華里17鄰博愛街251號,10015,1001501,1001501-038,17鄰,博愛街,,,,,,251號,121.603512027181,23.9807710632143
花蓮縣花蓮市國華里17鄰博愛街252號,10015,1001501,1001501-038,17鄰,博愛街,,,,,,252號,121.602530786103,23.9816675981042
花蓮縣花蓮市國華里17鄰博愛街256號,10015,1001501,1001501-038,17鄰,博愛街,,,,,,256號,121.60249403332,23.9816888167422
花蓮縣花蓮市國華里17鄰博愛街257號,10015,1001501,1001501-038,17鄰,博愛街,,,,,,257號,121.60334009551,23.9808536438862
花蓮縣花蓮市國華里17鄰博愛街258號,10015,1001501,1001501-038,17鄰,博愛街,,,,,,258號,121.602446644979,23.9817115759936
花蓮縣花蓮市國華里17鄰博愛街259號,10015,1001501,1001501-038,17鄰,博愛街,,,,,,259號,121.603297681077,23.9808808352622
花蓮縣花蓮市國華里17鄰博愛街260號,10015,1001501,1001501-038,17鄰,博愛街,,,,,,260號,121.602405811827,23.9817365668071
花蓮縣花蓮市國華里17鄰博愛街261號,10015,1001501,1001501-038,17鄰,博愛街,,,,,,261號,121.603253777,23.9809110121409
花蓮縣花蓮市國華里17鄰博愛街262號,10015,1001501,1001501-038,17鄰,博愛街,,,,,,262號,121.602365790805,23.9817608049924
花蓮縣花蓮市國華里17鄰博愛街263號,10015,1001501,1001501-038,17鄰,博愛街,,,,,,263號,121.603209743823,23.9809366839124
花蓮縣花蓮市國華里17鄰博愛街265號,10015,1001501,1001501-038,17鄰,博愛街,,,,,,265號,121.603173900469,23.9809653121597
花蓮縣花蓮市國華里17鄰博愛街266號,10015,1001501,1001501-038,17鄰,博愛街,,,,,,266號,121.602333132926,23.9817835063722
花蓮縣花蓮市國華里17鄰博愛街267號,10015,1001501,1001501-038,17鄰,博愛街,,,,,,267號,121.603136424728,23.98098948636
花蓮縣花蓮市國華里17鄰博愛街269號,10015,1001501,1001501-038,17鄰,博愛街,,,,,,269號,121.603098944632,23.9810106177067
花蓮縣花蓮市國華里13鄰博愛街270號,10015,1001501,1001501-038,13鄰,博愛街,,,,,,270號,121.602244325547,23.9820138393775
花蓮縣花蓮市國華里17鄰博愛街271號,10015,1001501,1001501-038,17鄰,博愛街,,,,,,271號,121.603060477636,23.9810308499973
花蓮縣花蓮市國華里13鄰博愛街272號,10015,1001501,1001501-038,13鄰,博愛街,,,,,,272號,121.602099087345,23.9821018398046
花蓮縣花蓮市國華里13鄰博愛街272號二樓,10015,1001501,1001501-038,13鄰,博愛街,,,,,,272號二樓,121.602065635834,23.9821229641222
花蓮縣花蓮市國華里13鄰博愛街272號三樓,10015,1001501,1001501-038,13鄰,博愛街,,,,,,272號三樓,121.602065635834,23.9821229641222
花蓮縣花蓮市國華里17鄰博愛街273號,10015,1001501,1001501-038,17鄰,博愛街,,,,,,273號,121.603023747002,23.9810525472235
花蓮縣花蓮市國華里17鄰博愛街275號,10015,1001501,1001501-038,17鄰,博愛街,,,,,,275號,121.602986044878,23.9810724333774
花蓮縣花蓮市國華里15鄰博愛街276號,10015,1001501,1001501-038,15鄰,博愛街,,,,,,276號,121.601660673689,23.9822060599835
花蓮縣花蓮市國華里17鄰博愛街277號,10015,1001501,1001501-038,17鄰,博愛街,,,,,,277號,121.602948354477,23.9810969514881
花蓮縣花蓮市國華里15鄰博愛街278號,10015,1001501,1001501-038,15鄰,博愛街,,,,,,278號,121.601444522597,23.9823554660018
花蓮縣花蓮市國華里17鄰博愛街279號,10015,1001501,1001501-038,17鄰,博愛街,,,,,,279號,121.602910655404,23.9811196095956
花蓮縣花蓮市國華里15鄰博愛街280號,10015,1001501,1001501-038,15鄰,博愛街,,,,,,280號,121.601416549289,23.98241780535
花蓮縣花蓮市國華里17鄰博愛街281號,10015,1001501,1001501-038,17鄰,博愛街,,,,,,281號,121.602876937316,23.981140382993
花蓮縣花蓮市國華里15鄰博愛街282號,10015,1001501,1001501-038,15鄰,博愛街,,,,,,282號,121.601350071594,23.9824628510893
花蓮縣花蓮市國華里17鄰博愛街283號,10015,1001501,1001501-038,17鄰,博愛街,,,,,,283號,121.602845397604,23.9811668001423
花蓮縣花蓮市國華里17鄰博愛街285號,10015,1001501,1001501-038,17鄰,博愛街,,,,,,285號,121.602806618667,23.9811875934103
花蓮縣花蓮市國華里15鄰博愛街286號,10015,1001501,1001501-038,15鄰,博愛街,,,,,,286號,121.601297452049,23.9824913821372
花蓮縣花蓮市國華里17鄰博愛街287號,10015,1001501,1001501-038,17鄰,博愛街,,,,,,287號,121.602774097373,23.9812121453444
花蓮縣花蓮市國華里15鄰博愛街288號,10015,1001501,1001501-038,15鄰,博愛街,,,,,,288號,121.60122296335,23.9825254525484
花蓮縣花蓮市國華里17鄰博愛街289號,10015,1001501,1001501-038,17鄰,博愛街,,,,,,289號,121.602740405542,23.981238570928
花蓮縣花蓮市國華里17鄰博愛街291號,10015,1001501,1001501-038,17鄰,博愛街,,,,,,291號,121.602703791798,23.9812621818234
花蓮縣花蓮市國華里17鄰博愛街293號,10015,1001501,1001501-038,17鄰,博愛街,,,,,,293號,121.602666092591,23.9812848308431
花蓮縣花蓮市國華里18鄰博愛街301號,10015,1001501,1001501-038,18鄰,博愛街,,,,,,301號,121.602487426175,23.9814240234236
花蓮縣花蓮市國華里18鄰博愛街303號,10015,1001501,1001501-038,18鄰,博愛街,,,,,,303號,121.602446723138,23.9814495013166
花蓮縣花蓮市國華里18鄰博愛街305號,10015,1001501,1001501-038,18鄰,博愛街,,,,,,305號,121.602404849847,23.9814769160565
花蓮縣花蓮市國華里18鄰博愛街307號,10015,1001501,1001501-038,18鄰,博愛街,,,,,,307號,121.602361040351,23.9815042751823
花蓮縣花蓮市國華里18鄰博愛街309號,10015,1001501,1001501-038,18鄰,博愛街,,,,,,309號,121.602319283769,23.9815335494692
花蓮縣花蓮市國華里18鄰博愛街311號,10015,1001501,1001501-038,18鄰,博愛街,,,,,,311號,121.602280525249,23.9815608887423
花蓮縣花蓮市國華里18鄰博愛街313號,10015,1001501,1001501-038,18鄰,博愛街,,,,,,313號,121.602225530647,23.9815920750008
花蓮縣花蓮市國華里18鄰博愛街315號,10015,1001501,1001501-038,18鄰,博愛街,,,,,,315號,121.602063433547,23.9817062812867
花蓮縣花蓮市國華里18鄰博愛街317號,10015,1001501,1001501-038,18鄰,博愛街,,,,,,317號,121.602018478254,23.981738755376
花蓮縣花蓮市國華里18鄰博愛街319號,10015,1001501,1001501-038,18鄰,博愛街,,,,,,319號,121.601977102466,23.9817654186198
花蓮縣花蓮市國華里18鄰博愛街321號,10015,1001501,1001501-038,18鄰,博愛街,,,,,,321號,121.601939339139,23.9817912460162
花蓮縣花蓮市國華里18鄰博愛街323號,10015,1001501,1001501-038,18鄰,博愛街,,,,,,323號,121.601899786866,23.9818212158247
花蓮縣花蓮市國華里18鄰博愛街325號,10015,1001501,1001501-038,18鄰,博愛街,,,,,,325號,121.601860193951,23.9818445583031
花蓮縣花蓮市國華里18鄰博愛街327號,10015,1001501,1001501-038,18鄰,博愛街,,,,,,327號,121.601820633966,23.9818728757665
花蓮縣花蓮市國華里18鄰博愛街329號,10015,1001501,1001501-038,18鄰,博愛街,,,,,,329號,121.601777181439,23.9818967480322
花蓮縣花蓮市國華里18鄰博愛街331號,10015,1001501,1001501-038,18鄰,博愛街,,,,,,331號,121.601736713484,23.9819242383436
花蓮縣花蓮市國華里18鄰博愛街333號,10015,1001501,1001501-038,18鄰,博愛街,,,,,,333號,121.601698042128,23.9819492385507
花蓮縣花蓮市國華里18鄰博愛街335號,10015,1001501,1001501-038,18鄰,博愛街,,,,,,335號,121.601662984908,23.9819758769299
花蓮縣花蓮市國華里18鄰博愛街337號,10015,1001501,1001501-038,18鄰,博愛街,,,,,,337號,121.601618010211,23.982004215577
花蓮縣花蓮市國華里19鄰博愛街343號,10015,1001501,1001501-038,19鄰,博愛街,,,,,,343號,121.601372660124,23.9821487518403
花蓮縣花蓮市國華里19鄰博愛街345號,10015,1001501,1001501-038,19鄰,博愛街,,,,,,345號,121.601338689581,23.982170293382
花蓮縣花蓮市國華里19鄰博愛街347號,10015,1001501,1001501-038,19鄰,博愛街,,,,,,347號,121.601301666272,23.9821947001289
花蓮縣花蓮市國華里19鄰博愛街349號,10015,1001501,1001501-038,19鄰,博愛街,,,,,,349號,121.601270378414,23.9822162221118
花蓮縣花蓮市國華里19鄰博愛街351號,10015,1001501,1001501-038,19鄰,博愛街,,,,,,351號,121.601231945827,23.9822418894331
花蓮縣花蓮市國華里19鄰博愛街353號,10015,1001501,1001501-038,19鄰,博愛街,,,,,,353號,121.601198877115,23.9822650707362
花蓮縣花蓮市國華里19鄰博愛街355號,10015,1001501,1001501-038,19鄰,博愛街,,,,,,355號,121.601164021545,23.9822907330524
花蓮縣花蓮市國華里19鄰博愛街357號,10015,1001501,1001501-038,19鄰,博愛街,,,,,,357號,121.60112557146,23.98231475709
花蓮縣花蓮市國華里19鄰博愛街359號,10015,1001501,1001501-038,19鄰,博愛街,,,,,,359號,121.601076382132,23.9823412881837
花蓮縣花蓮市民主里15鄰博愛街2號,10015,1001501,1001501-027,15鄰,博愛街,,,,,,2號,121.610918187509,23.971393803112
花蓮縣花蓮市民主里15鄰博愛街10之4號,10015,1001501,1001501-027,15鄰,博愛街,,,,,,10之4號,121.611530846202,23.969517790321
花蓮縣花蓮市民主里15鄰博愛街10之3號,10015,1001501,1001501-027,15鄰,博愛街,,,,,,10之3號,121.61167957421,23.9696343072311
花蓮縣花蓮市民主里15鄰博愛街24巷32之4號,10015,1001501,1001501-027,15鄰,博愛街,,24巷,,,,32之4號,121.609367407236,23.9742860830841
花蓮縣花蓮市民主里15鄰博愛街24巷32之5號,10015,1001501,1001501-027,15鄰,博愛街,,24巷,,,,32之5號,121.609366902669,23.9743313217008
花蓮縣花蓮市民主里15鄰博愛街24巷32之6號,10015,1001501,1001501-027,15鄰,博愛街,,24巷,,,,32之6號,121.609364207232,23.9743745645206
花蓮縣花蓮市民主里15鄰博愛街24巷32之7號,10015,1001501,1001501-027,15鄰,博愛街,,24巷,,,,32之7號,121.609337573542,23.9744092613914
花蓮縣花蓮市民主里15鄰博愛街24巷32之1號,10015,1001501,1001501-027,15鄰,博愛街,,24巷,,,,32之1號,121.609374020389,23.9741523514791
花蓮縣花蓮市民主里15鄰博愛街24巷32之2號,10015,1001501,1001501-027,15鄰,博愛街,,24巷,,,,32之2號,121.609372785535,23.974196924831
花蓮縣花蓮市民主里15鄰博愛街24巷32之3號,10015,1001501,1001501-027,15鄰,博愛街,,24巷,,,,32之3號,121.609370102629,23.9742428312347
花蓮縣花蓮市民主里15鄰博愛街35號,10015,1001501,1001501-027,15鄰,博愛街,,,,,,35號,121.610137360194,23.9723470590817
花蓮縣鳳林鎮鳳智里21鄰博愛街2號,10015,1001502,1001502-004,21鄰,博愛街,,,,,,2號,121.451734963568,23.7441276699019
花蓮縣鳳林鎮鳳智里21鄰博愛街4號,10015,1001502,1001502-004,21鄰,博愛街,,,,,,4號,121.451690369897,23.7441445864035
花蓮縣鳳林鎮鳳智里21鄰博愛街6號,10015,1001502,1001502-004,21鄰,博愛街,,,,,,6號,121.451645776213,23.7441615028923
花蓮縣鳳林鎮鳳智里21鄰博愛街8號,10015,1001502,1001502-004,21鄰,博愛街,,,,,,8號,121.451601182487,23.7441784103387
花蓮縣鳳林鎮鳳智里21鄰博愛街10號,10015,1001502,1001502-004,21鄰,博愛街,,,,,,10號,121.45155658878,23.7441953268021
花蓮縣鳳林鎮鳳智里21鄰博愛街12號,10015,1001502,1001502-004,21鄰,博愛街,,,,,,12號,121.451511995062,23.7442122432527
花蓮縣鳳林鎮鳳智里21鄰博愛街14號,10015,1001502,1001502-004,21鄰,博愛街,,,,,,14號,121.451467401301,23.744229150661
花蓮縣鳳林鎮鳳智里21鄰博愛街16號,10015,1001502,1001502-004,21鄰,博愛街,,,,,,16號,121.451422817368,23.7442460670576
花蓮縣鳳林鎮鳳智里21鄰博愛街17號,10015,1001502,1001502-004,21鄰,博愛街,,,,,,17號,121.451383650151,23.744078536255
花蓮縣鳳林鎮鳳智里21鄰博愛街18號,10015,1001502,1001502-004,21鄰,博愛街,,,,,,18號,121.451378223614,23.74426298347
花蓮縣鳳林鎮鳳智里21鄰博愛街19號,10015,1001502,1001502-004,21鄰,博愛街,,,,,,19號,121.451339664651,23.7440954599096
花蓮縣鳳林鎮鳳智里21鄰博愛街21號,10015,1001502,1001502-004,21鄰,博愛街,,,,,,21號,121.451298204648,23.7441051524283
花蓮縣吉安鄉干城村3鄰博愛街11巷1號,10015,1001505,1001505-009,3鄰,博愛街,,11巷,,,,1號,121.526490743275,23.9491749174881
花蓮縣吉安鄉干城村3鄰博愛街11巷2號,10015,1001505,1001505-009,3鄰,博愛街,,11巷,,,,2號,121.526558707728,23.9493509289555
花蓮縣吉安鄉干城村3鄰博愛街11巷3號,10015,1001505,1001505-009,3鄰,博愛街,,11巷,,,,3號,121.526423477195,23.9491903174349
花蓮縣吉安鄉干城村3鄰博愛街11巷5號,10015,1001505,1001505-009,3鄰,博愛街,,11巷,,,,5號,121.526356723843,23.9492061760936
花蓮縣吉安鄉干城村3鄰博愛街11巷6號,10015,1001505,1001505-009,3鄰,博愛街,,11巷,,,,6號,121.526488857852,23.9493663739083
花蓮縣吉安鄉干城村3鄰博愛街11巷7號,10015,1001505,1001505-009,3鄰,博愛街,,11巷,,,,7號,121.52629408924,23.9492201605564
花蓮縣吉安鄉干城村3鄰博愛街11巷8號,10015,1001505,1001505-009,3鄰,博愛街,,11巷,,,,8號,121.52641992505,23.9493826554184
花蓮縣吉安鄉干城村3鄰博愛街11巷9號,10015,1001505,1001505-009,3鄰,博愛街,,11巷,,,,9號,121.526226812701,23.9492354159834
花蓮縣吉安鄉干城村3鄰博愛街11巷10號,10015,1001505,1001505-009,3鄰,博愛街,,11巷,,,,10號,121.526355576426,23.9493955441979
花蓮縣吉安鄉干城村3鄰博愛街11巷11號,10015,1001505,1001505-009,3鄰,博愛街,,11巷,,,,11號,121.526162365544,23.9492506436287
花蓮縣吉安鄉干城村3鄰博愛街11巷12號,10015,1001505,1001505-009,3鄰,博愛街,,11巷,,,,12號,121.526293995342,23.9494101119606
花蓮縣吉安鄉干城村3鄰博愛街11巷13號,10015,1001505,1001505-009,3鄰,博愛街,,11巷,,,,13號,121.526095992941,23.94926592299
花蓮縣吉安鄉干城村3鄰博愛街11巷15號,10015,1001505,1001505-009,3鄰,博愛街,,11巷,,,,15號,121.526029587479,23.9492803717322
花蓮縣吉安鄉干城村3鄰博愛街11巷16號,10015,1001505,1001505-009,3鄰,博愛街,,11巷,,,,16號,121.526226909547,23.9494263960844
花蓮縣吉安鄉干城村3鄰博愛街11巷17號,10015,1001505,1001505-009,3鄰,博愛街,,11巷,,,,17號,121.525881024936,23.9493183253624
花蓮縣吉安鄉干城村3鄰博愛街11巷18號,10015,1001505,1001505-009,3鄰,博愛街,,11巷,,,,18號,121.526161640776,23.9494401276684
花蓮縣吉安鄉干城村3鄰博愛街11巷19號,10015,1001505,1001505-009,3鄰,博愛街,,11巷,,,,19號,121.525808898567,23.9493369109973
花蓮縣吉安鄉干城村3鄰博愛街11巷20號,10015,1001505,1001505-009,3鄰,博愛街,,11巷,,,,20號,121.526095465191,23.9494555598549
花蓮縣吉安鄉干城村3鄰博愛街11巷21號,10015,1001505,1001505-009,3鄰,博愛街,,11巷,,,,21號,121.525745388044,23.9493529749945
花蓮縣吉安鄉干城村3鄰博愛街11巷23號,10015,1001505,1001505-009,3鄰,博愛街,,11巷,,,,23號,121.525676255091,23.9493708008813
花蓮縣吉安鄉干城村3鄰博愛街11巷25號,10015,1001505,1001505-009,3鄰,博愛街,,11巷,,,,25號,121.525612741132,23.9493860251033
花蓮縣吉安鄉干城村3鄰博愛街11巷26號,10015,1001505,1001505-009,3鄰,博愛街,,11巷,,,,26號,121.525942486683,23.9495214836368
花蓮縣吉安鄉干城村3鄰博愛街11巷27號,10015,1001505,1001505-009,3鄰,博愛街,,11巷,,,,27號,121.525541882383,23.9494046875397
花蓮縣吉安鄉干城村3鄰博愛街11巷28號,10015,1001505,1001505-009,3鄰,博愛街,,11巷,,,,28號,121.525861148344,23.9495409857244
花蓮縣吉安鄉干城村3鄰博愛街11巷29號,10015,1001505,1001505-009,3鄰,博愛街,,11巷,,,,29號,121.525478755169,23.9494208042919
花蓮縣吉安鄉干城村3鄰博愛街11巷30號,10015,1001505,1001505-009,3鄰,博愛街,,11巷,,,,30號,121.525790268802,23.9495593774655
花蓮縣吉安鄉干城村3鄰博愛街11巷31號,10015,1001505,1001505-009,3鄰,博愛街,,11巷,,,,31號,121.525412040448,23.9494389829616
花蓮縣吉安鄉干城村3鄰博愛街11巷32號,10015,1001505,1001505-009,3鄰,博愛街,,11巷,,,,32號,121.525719212909,23.9495778961892
花蓮縣吉安鄉干城村3鄰博愛街11巷33號,10015,1001505,1001505-009,3鄰,博愛街,,11巷,,,,33號,121.525341654377,23.9494555037258
花蓮縣吉安鄉干城村3鄰博愛街11巷35號,10015,1001505,1001505-009,3鄰,博愛街,,11巷,,,,35號,121.525276231562,23.9494724679805
花蓮縣吉安鄉干城村3鄰博愛街11巷36號,10015,1001505,1001505-009,3鄰,博愛街,,11巷,,,,36號,121.5256471642,23.949596291867
花蓮縣吉安鄉干城村3鄰博愛街11巷37號,10015,1001505,1001505-009,3鄰,博愛街,,11巷,,,,37號,121.525118658433,23.9495077790003
花蓮縣吉安鄉干城村3鄰博愛街11巷38號,10015,1001505,1001505-009,3鄰,博愛街,,11巷,,,,38號,121.525579768006,23.9496136061221
花蓮縣吉安鄉干城村3鄰博愛街11巷40號,10015,1001505,1001505-009,3鄰,博愛街,,11巷,,,,40號,121.525511216845,23.9496319987962
花蓮縣吉安鄉干城村3鄰博愛街13巷30號,10015,1001505,1001505-009,3鄰,博愛街,,13巷,,,,30號,121.525854794706,23.9497259021104
花蓮縣吉安鄉干城村3鄰博愛街13巷32號,10015,1001505,1001505-009,3鄰,博愛街,,13巷,,,,32號,121.52577407049,23.9497442462897
花蓮縣吉安鄉干城村3鄰博愛街15號,10015,1001505,1001505-009,3鄰,博愛街,,,,,,15號,121.526384882922,23.9497198242408
花蓮縣吉安鄉干城村3鄰博愛街17巷2號,10015,1001505,1001505-009,3鄰,博愛街,,17巷,,,,2號,121.526796725636,23.9499447966734
花蓮縣吉安鄉干城村3鄰博愛街17巷6號,10015,1001505,1001505-009,3鄰,博愛街,,17巷,,,,6號,121.526727075595,23.9499635548342
花蓮縣吉安鄉干城村3鄰博愛街17巷8號,10015,1001505,1001505-009,3鄰,博愛街,,17巷,,,,8號,121.526660297693,23.9499807139432
花蓮縣吉安鄉干城村3鄰博愛街17巷10號,10015,1001505,1001505-009,3鄰,博愛街,,17巷,,,,10號,121.52659295207,23.9499983986741
花蓮縣吉安鄉干城村3鄰博愛街17巷12號,10015,1001505,1001505-009,3鄰,博愛街,,17巷,,,,12號,121.52652836458,23.9500154418628
花蓮縣吉安鄉干城村3鄰博愛街19巷1號,10015,1001505,1001505-009,3鄰,博愛街,,19巷,,,,1號,121.526831151517,23.9500802547106
花蓮縣吉安鄉干城村3鄰博愛街19巷2號,10015,1001505,1001505-009,3鄰,博愛街,,19巷,,,,2號,121.526956384877,23.9501932340459
花蓮縣吉安鄉干城村3鄰博愛街19巷3號,10015,1001505,1001505-009,3鄰,博愛街,,19巷,,,,3號,121.526770148536,23.9500945046553
花蓮縣吉安鄉干城村3鄰博愛街19巷6號,10015,1001505,1001505-009,3鄰,博愛街,,19巷,,,,6號,121.526987928707,23.9502600876794
花蓮縣吉安鄉干城村3鄰博愛街22巷1號,10015,1001505,1001505-009,3鄰,博愛街,,22巷,,,,1號,121.525971652102,23.9496779532136
花蓮縣吉安鄉干城村3鄰博愛街22巷2號,10015,1001505,1001505-009,3鄰,博愛街,,22巷,,,,2號,121.526169473297,23.9496102233932
花蓮縣吉安鄉干城村3鄰博愛街22巷3號,10015,1001505,1001505-009,3鄰,博愛街,,22巷,,,,3號,121.525995816064,23.949761554752
花蓮縣吉安鄉干城村3鄰博愛街22巷5號,10015,1001505,1001505-009,3鄰,博愛街,,22巷,,,,5號,121.526015822507,23.9498423172413
花蓮縣吉安鄉干城村3鄰博愛街22巷6號,10015,1001505,1001505-009,3鄰,博愛街,,22巷,,,,6號,121.526189709803,23.9496750211275
花蓮縣吉安鄉干城村3鄰博愛街22巷8號,10015,1001505,1001505-009,3鄰,博愛街,,22巷,,,,8號,121.526209426294,23.9497375632951
花蓮縣吉安鄉干城村3鄰博愛街22巷10號,10015,1001505,1001505-009,3鄰,博愛街,,22巷,,,,10號,121.526228650191,23.9497973441569
花蓮縣吉安鄉干城村3鄰博愛街22巷12號,10015,1001505,1001505-009,3鄰,博愛街,,22巷,,,,12號,121.52624837116,23.9498585589837
花蓮縣吉安鄉干城村3鄰博愛街22巷16號,10015,1001505,1001505-009,3鄰,博愛街,,22巷,,,,16號,121.526268598185,23.9499210000687
